-3.814862666666666069e+00 2.501105166666666602e+00
-3.723914190814572311e+00 2.495890029312618275e+00
-3.632969380337009113e+00 2.490611414559918302e+00
-3.542031265071937884e+00 2.485218765353065518e+00
-3.451102480524276928e+00 2.479671094841266132e+00
-3.360185470567511157e+00 2.473933779521831244e+00
-3.269282616154443932e+00 2.467976473950456384e+00
-3.178396323247318911e+00 2.461771709806863662e+00
-3.087529087091940738e+00 2.455293933134396145e+00
-2.996683548603289449e+00 2.448518747808176688e+00
-2.905862542157950035e+00 2.441422374610592527e+00
-2.815069143379325567e+00 2.433981199517928573e+00
-2.724306715996049455e+00 2.426171421812372664e+00
-2.633578968443827328e+00 2.417968676288180241e+00
-2.542890008121237333e+00 2.409347779239238374e+00
-2.452244411959055181e+00 2.400282391598414389e+00
-2.361647299857937199e+00 2.390744763858442035e+00
-2.271104428703768274e+00 2.380705394347685022e+00
-2.180622293528205802e+00 2.370132755489957166e+00
-2.090208263899458352e+00 2.358992858788611979e+00
-1.999870731035533034e+00 2.347248914469536984e+00
-1.909619294804639544e+00 2.334860868469736506e+00
-1.819464996086333164e+00 2.321784844935008252e+00
-1.729420599717886198e+00 2.307972525400119324e+00
-1.639500932402087052e+00 2.293370499293369669e+00
-1.549723334336464697e+00 2.277919308605410809e+00
-1.460108212804391847e+00 2.261552420144360642e+00
-1.370679731128886081e+00 2.244195065450470761e+00
-1.281466757331707562e+00 2.225762510333304078e+00
-1.192504012820969850e+00 2.206158374819174206e+00
-1.103833691950077744e+00 2.185272048915844145e+00
-1.015507533278496854e+00 2.162975894389122633e+00
-9.275897287381376088e-01 2.139121296644533210e+00
-8.401608258782533589e-01 2.113534052782281236e+00
-7.533233323374701751e-01 2.086007961964747359e+00
-6.672096216578824457e-01 2.056296880667016769e+00
-5.819935461059394521e-01 2.024104102655014170e+00
-4.979075929409299550e-01 1.989068878305742638e+00
-4.152690644478184145e-01 1.950748790889642148e+00
-3.345204067445914364e-01 1.908598382962211293e+00
-2.562927060415524094e-01 1.861944864645012299e+00
-1.815045387553726741e-01 1.809969687626471924e+00
-1.115126459237751333e-01 1.751716407112088758e+00
-4.831513091757326517e-02 1.686184026858624341e+00
5.264078547369601194e-03 1.612618986451695546e+00
4.568742998696839752e-02 1.531124207588061781e+00
7.006901187128714015e-02 1.443488197906749981e+00
7.872107687064530679e-02 1.352903654698286218e+00
7.391015695844085909e-02 1.262000153243311606e+00
5.835337266847046012e-02 1.172283174776780790e+00
3.446072715797864061e-02 1.084401438419327679e+00
4.125874675165489350e-03 9.985199947981340252e-01
-3.122618343525580820e-02 9.145728144106973767e-01
-7.053151974874981300e-02 8.323983065663934644e-01
-1.129881695633642991e-01 7.518041889023689972e-01
-1.579807514258264878e-01 6.725961077761303253e-01
-2.050270755425913638e-01 5.945891903379498800e-01
-2.537398594116010986e-01 5.176111013346410550e-01
-3.038000690254658021e-01 4.415018046703899079e-01
-3.549370624973594013e-01 3.661113528628366920e-01
-4.069138924090670573e-01 2.912971405248820367e-01
-4.595154429715821998e-01 2.169206268935529036e-01
-5.125382920594900860e-01 1.428437248657407066e-01
-5.657810778035800015e-01 6.892466816663397888e-02
-6.190341756924779837e-01 -4.986962965633182088e-03
-6.720672377286891486e-01 -7.905653960584972662e-02
-7.246123116827369870e-01 -1.534728485799553288e-01
-7.763386358562496259e-01 -2.284600749901347649e-01
-8.268117855804415495e-01 -3.042954681856375743e-01
-8.754215293275281473e-01 -3.813365284726937809e-01
-9.212428742637064349e-01 -4.600634791037908622e-01
-9.627398832836586706e-01 -5.411420767629483430e-01
-9.970494625657566612e-01 -6.254815151804918871e-01
-1.018022710840614131e+00 -7.139636344788784506e-01
-1.011433384529138113e+00 -8.041327383262659723e-01
-9.601728607371720070e-01 -8.778174347505801611e-01
-8.796256479565003339e-01 -9.193448074928523006e-01
-7.910286845429451708e-01 -9.400967401234878729e-01
-7.004719540073486295e-01 -9.497053715994105971e-01
-6.094307544439900859e-01 -9.524999722595295371e-01
-5.183582607920166341e-01 -9.506666295462581351e-01
-4.274134415369669759e-01 -9.454563142883704030e-01
-3.366527233092667659e-01 -9.376541736937618055e-01
-2.460923347844844178e-01 -9.277876431090494869e-01
-1.557317339285530511e-01 -9.162297917550665804e-01
-6.556334572137476058e-02 -9.032551860118185338e-01
2.442314172337697181e-02 -8.890725213542680638e-01
1.142387979897405148e-01 -8.738446081993019865e-01
2.038945303705968215e-01 -8.577012140307564980e-01
2.934006849606705103e-01 -8.407477204791773406e-01
3.827668817116015587e-01 -8.230710323877400425e-01
4.720019719402082092e-01 -8.047437710430187519e-01
5.611140714413674901e-01 -7.858273950023898502e-01
6.501105963025243240e-01 -7.663744102498931676e-01
7.389983281876639776e-01 -7.464301191800950530e-01
8.277834736249649605e-01 -7.260339319714950168e-01
9.164717219546578697e-01 -7.052203917606433281e-01
1.005068294514684935e+00 -6.840199647574120023e-01
1.093578005696242972e+00 -6.624597375022346357e-01
1.182005292609326297e+00 -6.405638785000292712e-01
1.270354264941131017e+00 -6.183541074547997951e-01
1.358628736952259164e+00 -5.958500323538725718e-01
1.446832251847324446e+00 -5.730694136560398055e-01
1.534968125718596310e+00 -5.500284702682253224e-01
1.623039458329890827e+00 -5.267420295387191809e-01
1.711049159479451687e+00 -5.032237177846107246e-01
1.798999976623624875e+00 -4.794861375395779168e-01
1.886894504702945286e+00 -4.555409647381468696e-01
1.974735203767127079e+00 -4.313990650356042122e-01
2.062524424947390411e+00 -4.070706309827256120e-01
2.150264415881856905e+00 -3.825652368336195375e-01
2.237957337510851907e+00 -3.578919291662695512e-01
2.325605283294018832e+00 -3.330593204868057544e-01
2.413210286409100291e+00 -3.080756357981469518e-01
2.500774342596856492e+00 -2.829488107918380346e-01
2.588299417893580312e+00 -2.576865335859053752e-01
2.675787472624863828e+00 -2.322963404790526210e-01
2.763240475149923547e+00 -2.067856733617683684e-01
2.850660426463632824e+00 -1.811619723891280676e-01
2.938049384573798495e+00 -1.554327655558241927e-01
3.025409495390783299e+00 -1.296057784943135671e-01
3.112743031984451125e+00 -1.036890707009519574e-01
3.200052441559293026e+00 -7.769119604260406320e-02
3.287340411127928963e+00 -5.162142462191383896e-02
3.374609952500399856e+00 -2.549002811585930964e-02
3.461864519262332074e+00 6.913283638381062957e-04
3.549108173992928883e+00 2.690902571615646360e-02
3.636345833333333388e+00 5.314666666666665457e-02
