-6.000000 0.000000
-5.905512 0.000000
-5.811024 0.000000
-5.716535 0.000000
-5.622047 0.000000
-5.527559 0.000000
-5.433071 0.000000
-5.338583 0.000000
-5.244094 0.000000
-5.149606 0.000000
-5.055118 0.000000
-4.960630 0.000000
-4.866142 0.000000
-4.771654 0.000000
-4.677165 0.000000
-4.582677 0.000000
-4.488189 0.000000
-4.393701 0.000000
-4.299213 0.000000
-4.204724 0.000000
-4.110236 0.000000
-4.015748 0.000000
-3.921260 0.000000
-3.826772 0.000000
-3.732283 0.000000
-3.637795 0.000000
-3.543307 0.000000
-3.448819 0.000000
-3.354331 0.000000
-3.259843 0.000000
-3.165354 0.000000
-3.070866 0.000000
-2.976378 0.000000
-2.881890 0.000000
-2.787402 0.000000
-2.692913 0.000000
-2.598425 0.000000
-2.503937 0.000000
-2.409449 0.000000
-2.314961 0.000000
-2.220472 0.000000
-2.125984 0.000000
-2.031496 0.000000
-1.937008 0.000000
-1.842520 0.000000
-1.748031 0.000000
-1.653543 0.000000
-1.559055 0.000000
-1.464567 0.000000
-1.370079 0.000000
-1.275591 0.000000
-1.181102 0.000000
-1.086614 0.000000
-0.992126 0.000000
-0.897638 0.000000
-0.803150 0.000000
-0.708661 0.000000
-0.614173 0.000000
-0.519685 0.000000
-0.425197 0.000000
-0.330709 0.000000
-0.236220 0.000000
-0.141732 0.000000
-0.047244 0.000000
0.047244 0.000000
0.141732 0.000000
0.236220 0.000000
0.330709 0.000000
0.425197 0.000000
0.519685 0.000000
0.614173 0.000000
0.708661 0.000000
0.803150 0.000000
0.897638 0.000000
0.992126 0.000000
1.086614 0.000000
1.181102 0.000000
1.275591 0.000000
1.370079 0.000000
1.464567 0.000000
1.559055 0.000000
1.653543 0.000000
1.748031 0.000000
1.842520 0.000000
1.937008 0.000000
2.031496 0.000000
2.125984 0.000000
2.220472 0.000000
2.314961 0.000000
2.409449 0.000000
2.503937 0.000000
2.598425 0.000000
2.692913 0.000000
2.787402 0.000000
2.881890 0.000000
2.976378 0.000000
3.070866 0.000000
3.165354 0.000000
3.259843 0.000000
3.354331 0.000000
3.448819 0.000000
3.543307 0.000000
3.637795 0.000000
3.732283 0.000000
3.826772 0.000000
3.921260 0.000000
4.015748 0.000000
4.110236 0.000000
4.204724 0.000000
4.299213 0.000000
4.393701 0.000000
4.488189 0.000000
4.582677 0.000000
4.677165 0.000000
4.771654 0.000000
4.866142 0.000000
4.960630 0.000000
5.055118 0.000000
5.149606 0.000000
5.244094 0.000000
5.338583 0.000000
5.433071 0.000000
5.527559 0.000000
5.622047 0.000000
5.716535 0.000000
5.811024 0.000000
5.905512 0.000000
6.000000 0.000000
